[cosmological_parameters]
omega_m  =  0.05    0.29352189787340449    0.99
h0  =  0.7
w  =  -1.0
omega_b  =  0.04
omega_k  =  0.0
#-0.15  0.0  0.007

[supernova_params]
deltam  =  -1.0    0.040269532043826217    1.0
alpha  =  0.14
beta  =  3.1
m  =  -21.0  -19.0   -18.0


