DOCUMENTATION:
    PURPOSE: Optical-NIR covariance matrix for SNooPy dispersion model
    INTENT:  Nominal
    USAGE_KEY: GENMAG_SMEAR_MODELNAME OIR.J19
    USAGE_CODE: snlc_sim.exe
    TEST_CODE:     will be used in the RAISIN cosmology analysis
    TEST_SCIENCE:  will be used in the RAISIN cosmology analysis
    NOTES:
    - I used the SNooPy python code to determine stretch (s_BV)
    - and host E(B-V) for a set of CSP SNe, and with those parameters
    - fixed I then computed the dispersion about the Hubble diagram in
    - BgriYJH by fitting to one band at a time for each SN.  With 
    - those dispersions I created the covariance matrix below, which 
    - gives color-dependent scatter terms for the SNooPy model.
    VERSIONS:
    - DATE: 2019/2020
      AUTHORS: D. Jones

DOCUMENTATION_END:

# Optical-NIR covariance matrix from SNooPy fits
# contact D. Jones for more info

SIGMACOH_MB: 0.0  # coherent/luminosity scatter in B band

# LAMCEN_BAND: u  3639.3  
LAMCEN_BAND: B  4350.6
LAMCEN_BAND: g  4765.1
LAMCEN_BAND: r  6223.3
LAMCEN_BAND: i  7609.2
LAMCEN_BAND: Y  10350.8
LAMCEN_BAND: J  12386.5
LAMCEN_BAND: H  16297.7

# Define correlation matrix among colors.
COLOR_SIGMA_SCALE: 1.0
# re-scale all of the color-sigmas.
COLOR_SIGMA:   0.126 0.119 0.131 0.124 0.117 0.122 0.137
COLOR_CORMAT:  1.000 0.982 0.943 0.924 0.779 0.744 0.621
COLOR_CORMAT:  0.982 1.000 0.956 0.893 0.765 0.744 0.575
COLOR_CORMAT:  0.943 0.956 1.000 0.885 0.648 0.713 0.590
COLOR_CORMAT:  0.924 0.893 0.885 1.000 0.722 0.790 0.565
COLOR_CORMAT:  0.779 0.765 0.648 0.722 1.000 0.755 0.610
COLOR_CORMAT:  0.744 0.744 0.713 0.790 0.755 1.000 0.583
COLOR_CORMAT:  0.621 0.575 0.590 0.565 0.610 0.583 1.000

# old - backup replaced on 5/1/22
#COLOR_SIGMA:   0.148 0.145 0.151 0.134 0.124 0.126 0.127
#COLOR_CORMAT:  1.000 0.984 0.956 0.912 0.781 0.659 0.721
#COLOR_CORMAT:  0.984 1.000 0.968 0.886 0.776 0.654 0.684
#COLOR_CORMAT:  0.956 0.968 1.000 0.890 0.695 0.646 0.679
#COLOR_CORMAT:  0.912 0.886 0.890 1.000 0.759 0.766 0.645
#COLOR_CORMAT:  0.781 0.776 0.695 0.759 1.000 0.73  0.633
#COLOR_CORMAT:  0.659 0.654 0.646 0.766 0.73  1.000 0.547
#COLOR_CORMAT:  0.721 0.684 0.679 0.645 0.633 0.547 1.000

# old - backup replaced on 9/21/21
#COLOR_SIGMA:   0.240  0.227  0.158  0.148  0.106  0.167  0.162
#COLOR_CORMAT:  1.019  1.019  1.010  0.882  0.502  0.501 -0.022
#COLOR_CORMAT:  1.019  1.027  1.016  0.894  0.504  0.538 -0.014
#COLOR_CORMAT:  1.010  1.016  1.074  0.960  0.610  0.642  0.226
#COLOR_CORMAT:  0.882  0.894  0.960  1.005  0.676  0.665  0.310
#COLOR_CORMAT:  0.502  0.504  0.610  0.676  1.003  0.262  0.208
#COLOR_CORMAT:  0.501  0.538  0.642  0.665  0.262  1.001  0.494
#COLOR_CORMAT: -0.022 -0.014  0.226  0.310  0.208  0.494  1.006

#no host EBV for this one
#COLOR_SIGMA:   0.359  0.320  0.211  0.183  0.177  0.218  0.188
#COLOR_CORMAT:  1.004  1.003  0.988  0.839  0.501  0.333  0.140
#COLOR_CORMAT:  1.003  1.013  1.001  0.868  0.520  0.352  0.177
#COLOR_CORMAT:  0.988  1.001  1.030  0.922  0.641  0.467  0.363
#COLOR_CORMAT:  0.839  0.868  0.922  1.000  0.819  0.610  0.514
#COLOR_CORMAT:  0.501  0.520  0.641  0.819  1.000  0.630  0.733
#COLOR_CORMAT:  0.333  0.352  0.467  0.610  0.630  1.000  0.515
#COLOR_CORMAT:  0.140  0.177  0.363  0.514  0.733  0.515  1.001

#COLOR_SIGMA:   0.010  0.010  0.010  0.010 0.010 0.010 0.010
#COLOR_CORMAT:  1.000  0.000  0.000  0.000 0.000 0.000 0.000
#COLOR_CORMAT:  0.000  1.000  0.000  0.000 0.000 0.000 0.000
#COLOR_CORMAT:  0.000  0.000  1.000  0.000 0.000 0.000 0.000
#COLOR_CORMAT:  0.000  0.000  0.000  1.000 0.000 0.000 0.000
#COLOR_CORMAT:  0.000  0.000  0.000  0.000 1.000 0.000 0.000
#COLOR_CORMAT:  0.000  0.000  0.000  0.000 0.000 1.000 0.000
#COLOR_CORMAT:  0.000  0.000  0.000  0.000 0.000 0.000 1.000

# define global scale applied to spectral shifts at nodes.
# Needed because broadband mag-scatter is diluted by spectral warping.
SPECSHIFT_SCALE: 1.0
