SURVEY: NIR(CSP)
SNID:   DES16E2cqq
FILTERS: YJHabcdefglmnop
RA:      9.958650  deg
DEC:     -43.564830  deg
PIXSIZE:  0.5000  arcsec
CCDNUM: 0
FAKE:    2   (=> simulated LC with snlc_sim.exe)
MWEBV:       0.0051    MW E(B-V)
REDSHIFT_HELIO:   0.426000 +- 0.000010  (Helio, z_best)
REDSHIFT_FINAL:   0.426000 +- 0.000010  (CMB)
PEAKMJD: 57695.580
PEAKMJDERR: 0.380
FITPROB: 0.680

# ============================================
# TERSE LIGHT CURVE OUTPUT:
#
NVAR: 5
VARLIST:  MJD  FLT FIELD   FLUXCAL   FLUXCALERR
					
OBS:  57714.637  H NULL   1.09547e+01 6.65916e-01
OBS:  57721.640  H NULL   1.51635e+01 8.65899e-01
OBS:  57731.179  H NULL   2.18776e+01 1.20900e+00
END:
