SURVEY: NIR(CSP)
SNID:   DES16S2afz
FILTERS: YJHabcdefglmnop
RA:      41.601370  deg
DEC:     -1.225290  deg
PIXSIZE:  0.5000  arcsec
CCDNUM: 0
FAKE:    2   (=> simulated LC with snlc_sim.exe)
MWEBV:       0.0297    MW E(B-V)
REDSHIFT_HELIO:   0.483000 +- 0.000010  (Helio, z_best)
REDSHIFT_FINAL:   0.483000 +- 0.000010  (CMB)
PEAKMJD: 57649.480
PEAKMJDERR: 0.360
FITPROB: 0.590

# ============================================
# TERSE LIGHT CURVE OUTPUT:
#
NVAR: 5
VARLIST:  MJD  FLT FIELD   FLUXCAL   FLUXCALERR
					
OBS:  57657.655  H NULL   1.98609e+01 1.22560e+00
OBS:  57663.750  H NULL   1.65196e+01 1.04984e+00
OBS:  57671.699  H NULL   1.87932e+01 1.17702e+00
END:
