SURVEY: NIR(CSP)
SNID:   DES15E2uc
FILTERS: YJHabcdefglmnop
RA:      9.472580  deg
DEC:     -43.314320  deg
PIXSIZE:  0.5000  arcsec
CCDNUM: 0
FAKE:    2   (=> simulated LC with snlc_sim.exe)
MWEBV:       0.0045    MW E(B-V)
REDSHIFT_HELIO:   0.566000 +- 0.000010  (Helio, z_best)
REDSHIFT_FINAL:   0.566000 +- 0.000010  (CMB)
PEAKMJD: 57268.590
PEAKMJDERR: 0.620
FITPROB: 0.970

# ============================================
# TERSE LIGHT CURVE OUTPUT:
#
NVAR: 5
VARLIST:  MJD  FLT FIELD   FLUXCAL   FLUXCALERR
					
OBS:  57293.548  H NULL   1.04616e+01 7.22665e-01
OBS:  57299.621  H NULL   1.37151e+01 9.85304e-01
OBS:  57309.228  H NULL   1.68888e+01 8.71091e-01
END:
