SURVEY: NIR(CSP)
SNID:   DES16X3cry
FILTERS: YJHabcdefglmnop
RA:      36.043950  deg
DEC:     -3.831110  deg
PIXSIZE:  0.5000  arcsec
CCDNUM: 0
FAKE:    2   (=> simulated LC with snlc_sim.exe)
MWEBV:       0.0252    MW E(B-V)
REDSHIFT_HELIO:   0.612000 +- 0.000010  (Helio, z_best)
REDSHIFT_FINAL:   0.612000 +- 0.000010  (CMB)
PEAKMJD: 57701.290
PEAKMJDERR: 0.340
FITPROB: 0.030

# ============================================
# TERSE LIGHT CURVE OUTPUT:
#
NVAR: 5
VARLIST:  MJD  FLT FIELD   FLUXCAL   FLUXCALERR
					
OBS:  57713.693  J NULL   2.44794e+01 1.03713e+00
OBS:  57720.590  J NULL   1.59074e+01 7.61867e-01
OBS:  57728.405  J NULL   1.65959e+01 1.03940e+00
OBS:  57720.583  H NULL   1.38931e+01 7.42170e-01
OBS:  57728.398  H NULL   1.79143e+01 1.38597e+00
END:
