SURVEY: NIR(CSP)
SNID:   DES16C1cim
FILTERS: YJHabcdefglmnop
RA:      54.876510  deg
DEC:     -26.649180  deg
PIXSIZE:  0.5000  arcsec
CCDNUM: 0
FAKE:    2   (=> simulated LC with snlc_sim.exe)
MWEBV:       0.0117    MW E(B-V)
REDSHIFT_HELIO:   0.531000 +- 0.000010  (Helio, z_best)
REDSHIFT_FINAL:   0.531000 +- 0.000010  (CMB)
PEAKMJD: 57685.810
PEAKMJDERR: 0.570
FITPROB: 0.010

# ============================================
# TERSE LIGHT CURVE OUTPUT:
#
NVAR: 5
VARLIST:  MJD  FLT FIELD   FLUXCAL   FLUXCALERR
					
OBS:  57706.624  H NULL   1.25777e+01 9.73094e-01
OBS:  57712.638  H NULL   1.57761e+01 9.00881e-01
OBS:  57721.051  H NULL   1.90371e+01 1.10463e+00
END:
