SURVEY: NIR(CSP)
SNID:   DES16E2clk
FILTERS: YJHabcdefglmnop
RA:      9.203650  deg
DEC:     -44.139850  deg
PIXSIZE:  0.5000  arcsec
CCDNUM: 0
FAKE:    2   (=> simulated LC with snlc_sim.exe)
MWEBV:       0.0071    MW E(B-V)
REDSHIFT_HELIO:   0.367000 +- 0.000010  (Helio, z_best)
REDSHIFT_FINAL:   0.367000 +- 0.000010  (CMB)
PEAKMJD: 57694.290
PEAKMJDERR: 0.240
FITPROB: 0.850

# ============================================
# TERSE LIGHT CURVE OUTPUT:
#
NVAR: 5
VARLIST:  MJD  FLT FIELD   FLUXCAL   FLUXCALERR
					
OBS:  57707.594  J NULL   4.47095e+01 2.38838e+00
OBS:  57712.715  J NULL   4.52898e+01 2.29424e+00
OBS:  57719.605  J NULL   4.72933e+01 2.39573e+00
OBS:  57707.590  H NULL   1.17058e+01 1.60643e+00
OBS:  57712.712  H NULL   1.39959e+01 2.26876e+00
OBS:  57719.602  H NULL   1.61734e+01 1.86203e+00
END:
