SURVEY: NIR(CSP)
SNID:   DES16E2cxw
FILTERS: YJHabcdefglmnop
RA:      10.177920  deg
DEC:     -43.921930  deg
PIXSIZE:  0.5000  arcsec
CCDNUM: 0
FAKE:    2   (=> simulated LC with snlc_sim.exe)
MWEBV:       0.0054    MW E(B-V)
REDSHIFT_HELIO:   0.293000 +- 0.000010  (Helio, z_best)
REDSHIFT_FINAL:   0.293000 +- 0.000010  (CMB)
PEAKMJD: 57701.570
PEAKMJDERR: 0.160
FITPROB: 0.380

# ============================================
# TERSE LIGHT CURVE OUTPUT:
#
NVAR: 5
VARLIST:  MJD  FLT FIELD   FLUXCAL   FLUXCALERR
					
OBS:  57715.704  J NULL   7.82708e+01 1.94643e+01
OBS:  57723.893  J NULL   8.36373e+01 2.07989e+01
OBS:  57730.338  J NULL   1.05584e+02 2.62567e+01
OBS:  57715.701  H NULL   2.95121e+01 5.35478e+00
OBS:  57723.890  H NULL   2.78997e+01 5.21641e+00
OBS:  57730.335  H NULL   2.20191e+01 4.27916e+00
END:
