SURVEY: NIR(CSP)
SNID:   DES16X3zd
FILTERS: YJHabcdefglmnop
RA:      36.735270  deg
DEC:     -4.419390  deg
PIXSIZE:  0.5000  arcsec
CCDNUM: 0
FAKE:    2   (=> simulated LC with snlc_sim.exe)
MWEBV:       0.0235    MW E(B-V)
REDSHIFT_HELIO:   0.495000 +- 0.000010  (Helio, z_best)
REDSHIFT_FINAL:   0.495000 +- 0.000010  (CMB)
PEAKMJD: 57644.910
PEAKMJDERR: 0.220
FITPROB: 0.000

# ============================================
# TERSE LIGHT CURVE OUTPUT:
#
NVAR: 5
VARLIST:  MJD  FLT FIELD   FLUXCAL   FLUXCALERR
					
OBS:  57657.389  H NULL   1.47367e+01 1.39802e+00
OBS:  57663.617  H NULL   1.47639e+01 1.45499e+00
OBS:  57672.029  H NULL   1.99526e+01 1.83770e+00
END:
