SURVEY: NIR(CSP)
SNID:   DES16E2rd
FILTERS: YJHabcdefglmnop
RA:      8.088890  deg
DEC:     -43.846120  deg
PIXSIZE:  0.5000  arcsec
CCDNUM: 0
FAKE:    2   (=> simulated LC with snlc_sim.exe)
MWEBV:       0.0061    MW E(B-V)
REDSHIFT_HELIO:   0.494000 +- 0.000010  (Helio, z_best)
REDSHIFT_FINAL:   0.494000 +- 0.000010  (CMB)
PEAKMJD: 57641.690
PEAKMJDERR: 0.210
FITPROB: 0.000

# ============================================
# TERSE LIGHT CURVE OUTPUT:
#
NVAR: 5
VARLIST:  MJD  FLT FIELD   FLUXCAL   FLUXCALERR
					
OBS:  57657.266  H NULL   2.53746e+01 4.62744e+00
OBS:  57663.362  H NULL   2.40547e+01 4.40888e+00
OBS:  57671.906  H NULL   3.72220e+01 6.37659e+00
END:
