SURVEY: NIR(CSP)
SNID:   DES16S1bno
FILTERS: YJHabcdefglmnop
RA:      42.515930  deg
DEC:     -0.021590  deg
PIXSIZE:  0.5000  arcsec
CCDNUM: 0
FAKE:    2   (=> simulated LC with snlc_sim.exe)
MWEBV:       0.0519    MW E(B-V)
REDSHIFT_HELIO:   0.470000 +- 0.000010  (Helio, z_best)
REDSHIFT_FINAL:   0.470000 +- 0.000010  (CMB)
PEAKMJD: 57662.270
PEAKMJDERR: 0.510
FITPROB: 0.000

# ============================================
# TERSE LIGHT CURVE OUTPUT:
#
NVAR: 5
VARLIST:  MJD  FLT FIELD   FLUXCAL   FLUXCALERR
					
OBS:  57686.877  H NULL   1.18468e+01 1.13477e+00
OBS:  57693.559  H NULL   1.71080e+01 1.15027e+00
OBS:  57701.705  H NULL   2.21004e+01 1.01776e+00
END:
