SURVEY: NIR(CSP)
SNID:   DES16S1agd
FILTERS: YJHabcdefglmnop
RA:      43.083590  deg
DEC:     -0.911190  deg
PIXSIZE:  0.5000  arcsec
CCDNUM: 0
FAKE:    2   (=> simulated LC with snlc_sim.exe)
MWEBV:       0.0559    MW E(B-V)
REDSHIFT_HELIO:   0.504000 +- 0.000010  (Helio, z_best)
REDSHIFT_FINAL:   0.504000 +- 0.000010  (CMB)
PEAKMJD: 57645.840
PEAKMJDERR: 0.490
FITPROB: 0.030

# ============================================
# TERSE LIGHT CURVE OUTPUT:
#
NVAR: 5
VARLIST:  MJD  FLT FIELD   FLUXCAL   FLUXCALERR
					
OBS:  57657.457  H NULL   1.49555e+01 1.15706e+00
OBS:  57663.684  H NULL   1.62032e+01 1.40283e+00
OBS:  57672.096  H NULL   1.91955e+01 1.39670e+00
END:
