SURVEY: NIR(CSP)
SNID:   DES16E1dcx
FILTERS: YJHabcdefglmnop
RA:      8.968500  deg
DEC:     -43.358120  deg
PIXSIZE:  0.5000  arcsec
CCDNUM: 0
FAKE:    2   (=> simulated LC with snlc_sim.exe)
MWEBV:       0.0063    MW E(B-V)
REDSHIFT_HELIO:   0.453000 +- 0.000010  (Helio, z_best)
REDSHIFT_FINAL:   0.453000 +- 0.000010  (CMB)
PEAKMJD: 57707.790
PEAKMJDERR: 0.340
FITPROB: 0.000

# ============================================
# TERSE LIGHT CURVE OUTPUT:
#
NVAR: 5
VARLIST:  MJD  FLT FIELD   FLUXCAL   FLUXCALERR
					
OBS:  57715.630  J NULL   4.01051e+01 2.84424e+00
OBS:  57722.037  J NULL   3.21218e+01 2.54433e+00
OBS:  57730.251  J NULL   3.87614e+01 2.74895e+00
OBS:  57715.627  H NULL   2.03798e+01 2.51525e+00
OBS:  57722.034  H NULL   1.40088e+01 1.92248e+00
OBS:  57730.248  H NULL   2.00447e+01 2.03081e+00
END:
