SURVEY: NIR(CSP)
SNID:   PScA470110
FILTERS: YJHabcdefglmnop
RA:      52.070787  deg
DEC:     -28.623330  deg
PIXSIZE:  0.5000  arcsec
CCDNUM: 0
FAKE:    2   (=> simulated LC with snlc_sim.exe)
MWEBV:       0.0083    MW E(B-V)
REDSHIFT_HELIO:   0.346000 +- 0.000010  (Helio, z_best)
REDSHIFT_FINAL:   0.346000 +- 0.000010  (CMB)
PEAKMJD: 56313.530
PEAKMJDERR: 0.190
FITPROB: 0.790

# ============================================
# TERSE LIGHT CURVE OUTPUT:
#
NVAR: 5
VARLIST:  MJD  FLT FIELD   FLUXCAL   FLUXCALERR
					
OBS:  56321.087  J NULL   6.30957e+01 3.08001e+00
OBS:  56326.404  J NULL   5.45004e+01 2.86122e+00
OBS:  56334.312  J NULL   5.11446e+01 2.44951e+00
OBS:  56321.091  H NULL   2.45019e+01 1.46686e+00
OBS:  56326.408  H NULL   1.60546e+01 1.28646e+00
OBS:  56334.316  H NULL   1.37658e+01 1.62288e+00
END:
