SURVEY: NIR(CSP)
SNID:   PScB480464
FILTERS: YJHabcdefglmnop
RA:      149.800611  deg
DEC:     3.221543  deg
PIXSIZE:  0.5000  arcsec
CCDNUM: 0
FAKE:    2   (=> simulated LC with snlc_sim.exe)
MWEBV:       0.0195    MW E(B-V)
REDSHIFT_HELIO:   0.221490 +- 0.000010  (Helio, z_best)
REDSHIFT_FINAL:   0.221490 +- 0.000010  (CMB)
PEAKMJD: 56342.100
PEAKMJDERR: 0.120
FITPROB: 0.010

# ============================================
# TERSE LIGHT CURVE OUTPUT:
#
NVAR: 5
VARLIST:  MJD  FLT FIELD   FLUXCAL   FLUXCALERR
					
OBS:  56357.599  J NULL   6.72357e+01 3.09632e+00
OBS:  56362.720  J NULL   8.03896e+01 3.40591e+00
OBS:  56370.626  J NULL   1.05099e+02 4.06560e+00
OBS:  56357.603  H NULL   2.01930e+01 1.95283e+00
OBS:  56362.724  H NULL   1.90371e+01 1.98132e+00
OBS:  56370.630  H NULL   2.49574e+01 1.95387e+00
END:
