SURVEY: NIR(CSP)
SNID:   PScC490521
FILTERS: YJHabcdefglmnop
RA:      148.865081  deg
DEC:     1.575257  deg
PIXSIZE:  0.5000  arcsec
CCDNUM: 0
FAKE:    2   (=> simulated LC with snlc_sim.exe)
MWEBV:       0.0199    MW E(B-V)
REDSHIFT_HELIO:   0.340000 +- 0.000010  (Helio, z_best)
REDSHIFT_FINAL:   0.340000 +- 0.000010  (CMB)
PEAKMJD: 56370.380
PEAKMJDERR: 0.430
FITPROB: 0.850

# ============================================
# TERSE LIGHT CURVE OUTPUT:
#
NVAR: 5
VARLIST:  MJD  FLT FIELD   FLUXCAL   FLUXCALERR
					
OBS:  56383.055  J NULL   5.25291e+01 3.72534e+00
OBS:  56389.305  J NULL   5.85059e+01 4.14922e+00
OBS:  56396.481  J NULL   6.48037e+01 4.77492e+00
OBS:  56383.059  H NULL   1.90546e+01 1.63214e+00
OBS:  56389.309  H NULL   1.93910e+01 1.55380e+00
OBS:  56396.485  H NULL   2.55859e+01 1.90880e+00
END:
