SURVEY: NIR(CSP)
SNID:   PScD500100
FILTERS: YJHabcdefglmnop
RA:      131.638489  deg
DEC:     45.356105  deg
PIXSIZE:  0.5000  arcsec
CCDNUM: 0
FAKE:    2   (=> simulated LC with snlc_sim.exe)
MWEBV:       0.0241    MW E(B-V)
REDSHIFT_HELIO:   0.311000 +- 0.000010  (Helio, z_best)
REDSHIFT_FINAL:   0.311000 +- 0.000010  (CMB)
PEAKMJD: 56391.830
PEAKMJDERR: 0.390
FITPROB: 0.470

# ============================================
# TERSE LIGHT CURVE OUTPUT:
#
NVAR: 5
VARLIST:  MJD  FLT FIELD   FLUXCAL   FLUXCALERR
					
OBS:  56411.066  J NULL   5.50047e+01 2.17843e+00
OBS:  56416.484  J NULL   6.54636e+01 2.23089e+00
OBS:  56424.329  J NULL   7.49549e+01 2.69240e+00
OBS:  56411.070  H NULL   1.09850e+01 1.27481e+00
OBS:  56416.488  H NULL   1.58198e+01 1.55905e+00
OBS:  56424.333  H NULL   2.42996e+01 1.45475e+00
END:
