SURVEY: NIR(CSP)
SNID:   PScF520107
FILTERS: YJHabcdefglmnop
RA:      184.160963  deg
DEC:     47.816078  deg
PIXSIZE:  0.5000  arcsec
CCDNUM: 0
FAKE:    2   (=> simulated LC with snlc_sim.exe)
MWEBV:       0.0156    MW E(B-V)
REDSHIFT_HELIO:   0.519000 +- 0.000010  (Helio, z_best)
REDSHIFT_FINAL:   0.519000 +- 0.000010  (CMB)
PEAKMJD: 56456.020
PEAKMJDERR: 1.960
FITPROB: 0.670

# ============================================
# TERSE LIGHT CURVE OUTPUT:
#
NVAR: 5
VARLIST:  MJD  FLT FIELD   FLUXCAL   FLUXCALERR
					
OBS:  56468.204  H NULL   2.25944e+01 1.06132e+00
OBS:  56473.480  H NULL   2.14388e+01 1.04653e+00
OBS:  56482.423  H NULL   2.20394e+01 8.72859e-01
END:
