SURVEY: NIR(CSP)
SNID:   PScF510457
FILTERS: YJHabcdefglmnop
RA:      186.389055  deg
DEC:     48.136630  deg
PIXSIZE:  0.5000  arcsec
CCDNUM: 0
FAKE:    2   (=> simulated LC with snlc_sim.exe)
MWEBV:       0.0113    MW E(B-V)
REDSHIFT_HELIO:   0.502000 +- 0.000010  (Helio, z_best)
REDSHIFT_FINAL:   0.502000 +- 0.000010  (CMB)
PEAKMJD: 56431.560
PEAKMJDERR: 0.890
FITPROB: 0.650

# ============================================
# TERSE LIGHT CURVE OUTPUT:
#
NVAR: 5
VARLIST:  MJD  FLT FIELD   FLUXCAL   FLUXCALERR
					
OBS:  56439.289  H NULL   8.51922e+00 6.98338e-01
OBS:  56444.470  H NULL   7.41993e+00 6.97069e-01
OBS:  56457.657  H NULL   8.71766e+00 1.01169e+00
END:
