SURVEY: NIR(CSP)
SNID:   PScF520062
FILTERS: YJHabcdefglmnop
RA:      244.451436  deg
DEC:     54.633195  deg
PIXSIZE:  0.5000  arcsec
CCDNUM: 0
FAKE:    2   (=> simulated LC with snlc_sim.exe)
MWEBV:       0.0089    MW E(B-V)
REDSHIFT_HELIO:   0.308000 +- 0.000010  (Helio, z_best)
REDSHIFT_FINAL:   0.308000 +- 0.000010  (CMB)
PEAKMJD: 56456.520
PEAKMJDERR: 0.290
FITPROB: 0.940

# ============================================
# TERSE LIGHT CURVE OUTPUT:
#
NVAR: 5
VARLIST:  MJD  FLT FIELD   FLUXCAL   FLUXCALERR
					
OBS:  56468.087  J NULL   5.71216e+01 4.10365e+00
OBS:  56473.390  J NULL   5.71216e+01 3.99843e+00
OBS:  56482.226  J NULL   6.91194e+01 4.77460e+00
OBS:  56468.091  H NULL   1.37784e+01 1.07868e+00
OBS:  56473.394  H NULL   4.31718e+00 1.10540e+00
OBS:  56482.230  H NULL   8.87973e+00 1.44760e+00
END:
