SURVEY: NIR(CSP)
SNID:   PScF520188
FILTERS: YJHabcdefglmnop
RA:      215.524297  deg
DEC:     52.544633  deg
PIXSIZE:  0.5000  arcsec
CCDNUM: 0
FAKE:    2   (=> simulated LC with snlc_sim.exe)
MWEBV:       0.0078    MW E(B-V)
REDSHIFT_HELIO:   0.283000 +- 0.000010  (Helio, z_best)
REDSHIFT_FINAL:   0.283000 +- 0.000010  (CMB)
PEAKMJD: 56482.660
PEAKMJDERR: 0.050
FITPROB: 0.910

# ============================================
# TERSE LIGHT CURVE OUTPUT:
#
NVAR: 5
VARLIST:  MJD  FLT FIELD   FLUXCAL   FLUXCALERR
					
OBS:  56488.531  J NULL   9.53235e+01 2.63389e+00
OBS:  56494.243  J NULL   8.24898e+01 2.65916e+00
OBS:  56501.680  J NULL   9.20450e+01 2.28897e+00
OBS:  56488.535  H NULL   5.62341e+01 1.76098e+00
OBS:  56494.247  H NULL   3.02831e+01 1.47826e+00
OBS:  56501.684  H NULL   2.22024e+01 1.20650e+00
END:
