SURVEY: NIR(CSP)
SNID:   PScH540087
FILTERS: YJHabcdefglmnop
RA:      335.376537  deg
DEC:     0.129475  deg
PIXSIZE:  0.5000  arcsec
CCDNUM: 0
FAKE:    2   (=> simulated LC with snlc_sim.exe)
MWEBV:       0.0588    MW E(B-V)
REDSHIFT_HELIO:   0.275000 +- 0.000010  (Helio, z_best)
REDSHIFT_FINAL:   0.275000 +- 0.000010  (CMB)
PEAKMJD: 56520.510
PEAKMJDERR: 0.350
FITPROB: 0.390

# ============================================
# TERSE LIGHT CURVE OUTPUT:
#
NVAR: 5
VARLIST:  MJD  FLT FIELD   FLUXCAL   FLUXCALERR
					
OBS:  56523.773  J NULL   8.66962e+01 7.98501e+00
OBS:  56528.956  J NULL   7.05992e+01 6.76253e+00
OBS:  56536.862  J NULL   6.20583e+01 5.77294e+00
OBS:  56523.777  H NULL   4.08507e+01 4.43974e+00
OBS:  56528.960  H NULL   2.98126e+01 3.54214e+00
OBS:  56536.866  H NULL   9.41890e+00 2.75869e+00
END:
