SURVEY: NIR(CSP)
SNID:   PScH540118
FILTERS: YJHabcdefglmnop
RA:      351.822690  deg
DEC:     -0.048073  deg
PIXSIZE:  0.5000  arcsec
CCDNUM: 0
FAKE:    2   (=> simulated LC with snlc_sim.exe)
MWEBV:       0.0297    MW E(B-V)
REDSHIFT_HELIO:   0.476600 +- 0.000010  (Helio, z_best)
REDSHIFT_FINAL:   0.476600 +- 0.000010  (CMB)
PEAKMJD: 56519.360
PEAKMJDERR: 0.490
FITPROB: 0.750

# ============================================
# TERSE LIGHT CURVE OUTPUT:
#
NVAR: 5
VARLIST:  MJD  FLT FIELD   FLUXCAL   FLUXCALERR
					
OBS:  56523.248  H NULL   1.97697e+01 1.32923e+00
OBS:  56528.631  H NULL   1.47096e+01 1.30061e+00
OBS:  56536.537  H NULL   1.28469e+01 9.93928e-01
END:
