SURVEY: NIR(CSP)
SNID:   PScJ560054
FILTERS: YJHabcdefglmnop
RA:      353.295800  deg
DEC:     -0.336581  deg
PIXSIZE:  0.5000  arcsec
CCDNUM: 0
FAKE:    2   (=> simulated LC with snlc_sim.exe)
MWEBV:       0.0293    MW E(B-V)
REDSHIFT_HELIO:   0.481570 +- 0.000010  (Helio, z_best)
REDSHIFT_FINAL:   0.481570 +- 0.000010  (CMB)
PEAKMJD: 56575.360
PEAKMJDERR: 0.250
FITPROB: 0.000

# ============================================
# TERSE LIGHT CURVE OUTPUT:
#
NVAR: 5
VARLIST:  MJD  FLT FIELD   FLUXCAL   FLUXCALERR
					
OBS:  56587.825  J NULL   4.13048e+01 2.32063e+00
OBS:  56592.895  J NULL   3.15646e+01 2.52927e+00
OBS:  56603.858  J NULL   3.26588e+01 2.70719e+00
OBS:  56587.829  H NULL   1.50383e+01 1.27428e+00
OBS:  56592.899  H NULL   1.13240e+01 2.21112e+00
OBS:  56603.862  H NULL   1.64589e+01 1.94037e+00
END:
