SURVEY: NIR(CSP)
SNID:   PScJ560027
FILTERS: YJHabcdefglmnop
RA:      35.850709  deg
DEC:     -3.083896  deg
PIXSIZE:  0.5000  arcsec
CCDNUM: 0
FAKE:    2   (=> simulated LC with snlc_sim.exe)
MWEBV:       0.0224    MW E(B-V)
REDSHIFT_HELIO:   0.440000 +- 0.000010  (Helio, z_best)
REDSHIFT_FINAL:   0.440000 +- 0.000010  (CMB)
PEAKMJD: 56553.060
PEAKMJDERR: 0.210
FITPROB: 0.920

# ============================================
# TERSE LIGHT CURVE OUTPUT:
#
NVAR: 5
VARLIST:  MJD  FLT FIELD   FLUXCAL   FLUXCALERR
					
OBS:  56587.380  J NULL   3.93007e+01 1.66507e+00
OBS:  56593.485  J NULL   3.98841e+01 1.61632e+00
OBS:  56587.388  H NULL   1.16735e+01 1.41922e+00
OBS:  56593.494  H NULL   1.52616e+01 1.36348e+00
OBS:  56601.391  H NULL   2.14981e+01 1.62364e+00
OBS:  56611.620  H NULL   2.97852e+01 1.37166e+00
END:
