SURVEY: NIR(CSP)
SNID:   PScJ440236
FILTERS: YJHabcdefglmnop
RA:      37.101841  deg
DEC:     -4.424512  deg
PIXSIZE:  0.5000  arcsec
CCDNUM: 0
FAKE:    2   (=> simulated LC with snlc_sim.exe)
MWEBV:       0.0227    MW E(B-V)
REDSHIFT_HELIO:   0.436590 +- 0.000010  (Helio, z_best)
REDSHIFT_FINAL:   0.436590 +- 0.000010  (CMB)
PEAKMJD: 56208.320
PEAKMJDERR: 0.340
FITPROB: 0.170

# ============================================
# TERSE LIGHT CURVE OUTPUT:
#
NVAR: 5
VARLIST:  MJD  FLT FIELD   FLUXCAL   FLUXCALERR
					
OBS:  56229.349  J NULL   3.37287e+01 1.18048e+00
OBS:  56234.552  J NULL   3.62076e+01 1.36729e+00
OBS:  56242.448  J NULL   3.99945e+01 1.28927e+00
OBS:  56229.358  H NULL   1.13972e+01 1.63757e+00
OBS:  56234.561  H NULL   1.37278e+01 1.16322e+00
OBS:  56242.457  H NULL   2.18776e+01 1.14855e+00
END:
