SURVEY: NIR(CSP)
SNID:   PScK450082
FILTERS: YJHabcdefglmnop
RA:      353.356027  deg
DEC:     0.310447  deg
PIXSIZE:  0.5000  arcsec
CCDNUM: 0
FAKE:    2   (=> simulated LC with snlc_sim.exe)
MWEBV:       0.0299    MW E(B-V)
REDSHIFT_HELIO:   0.250000 +- 0.000010  (Helio, z_best)
REDSHIFT_FINAL:   0.250000 +- 0.000010  (CMB)
PEAKMJD: 56246.930
PEAKMJDERR: 0.310
FITPROB: 0.020

# ============================================
# TERSE LIGHT CURVE OUTPUT:
#
NVAR: 5
VARLIST:  MJD  FLT FIELD   FLUXCAL   FLUXCALERR
					
OBS:  56265.105  J NULL   7.29122e+01 1.65200e+01
OBS:  56272.180  J NULL   9.81748e+01 2.22439e+01
OBS:  56278.887  J NULL   1.14921e+02 2.59323e+01
OBS:  56265.109  H NULL   1.74100e+01 3.75225e+00
OBS:  56272.184  H NULL   1.81635e+01 3.64697e+00
OBS:  56278.891  H NULL   2.05494e+01 4.10710e+00
END:
