SURVEY: NIR(CSP)
SNID:   PScK450339
FILTERS: YJHabcdefglmnop
RA:      36.287518  deg
DEC:     -3.353384  deg
PIXSIZE:  0.5000  arcsec
CCDNUM: 0
FAKE:    2   (=> simulated LC with snlc_sim.exe)
MWEBV:       0.0207    MW E(B-V)
REDSHIFT_HELIO:   0.410400 +- 0.000010  (Helio, z_best)
REDSHIFT_FINAL:   0.410400 +- 0.000010  (CMB)
PEAKMJD: 56251.360
PEAKMJDERR: 0.450
FITPROB: 0.190

# ============================================
# TERSE LIGHT CURVE OUTPUT:
#
NVAR: 5
VARLIST:  MJD  FLT FIELD   FLUXCAL   FLUXCALERR
					
OBS:  56266.716  J NULL   3.89762e+01 2.26160e+00
OBS:  56272.055  J NULL   3.86901e+01 2.31627e+00
OBS:  56282.463  J NULL   4.24229e+01 2.03179e+00
OBS:  56266.720  H NULL   1.50938e+01 1.47361e+00
OBS:  56272.059  H NULL   1.44411e+01 1.67589e+00
OBS:  56282.467  H NULL   1.96426e+01 1.39305e+00
END:
