SURVEY: NIR(CSP)
SNID:   SNABELL370
FILTERS: YJHabcdefglmnop
RA:      39.969005  deg
DEC:     -1.598008  deg
PIXSIZE:  0.5000  arcsec
CCDNUM: 0
FAKE:    2   (=> simulated LC with snlc_sim.exe)
MWEBV:       0.0276    MW E(B-V)
REDSHIFT_HELIO:   0.375000 +- 0.000010  (Helio, z_best)
REDSHIFT_FINAL:   0.375000 +- 0.000010  (CMB)
PEAKMJD: 57403.490
PEAKMJDERR: 0.200
FITPROB: 0.000

# ============================================
# TERSE LIGHT CURVE OUTPUT:
#
NVAR: 5
VARLIST:  MJD  FLT FIELD   FLUXCAL   FLUXCALERR
					
OBS:  57426.125  H NULL   1.42037e+01 1.53060e+00
OBS:  57432.418  H NULL   2.51884e+01 1.67035e+00
OBS:  57440.237  H NULL   2.18978e+01 1.67399e+00
END:
