SURVEY: PS1MD
SNID:   SNABELL370
FILTERS: grizJH
RA:      39.969005  deg
DEC:     -1.598008  deg
PIXSIZE:  0.5000  arcsec
CCDNUM: 0
MWEBV:       0.0276    MW E(B-V)
REDSHIFT_HELIO:   0.375000 +- 0.000010  (Helio, z_best)
REDSHIFT_FINAL:   0.375000 +- 0.000010  (CMB)
PEAKMJD: 57403.490
PEAKMJDERR: 0.200
FITPROB: 0.000

# ============================================
# TERSE LIGHT CURVE OUTPUT:
#
NOBS: 3
NVAR: 5
VARLIST:  MJD  FLT FIELD   FLUXCAL   FLUXCALERR

OBS:  57426.125  H NULL   14.204 1.531
OBS:  57432.418  H NULL   25.188 1.670
OBS:  57440.237  H NULL   21.898 1.674
END:
