[2pt_like]
angle_range_xip_1_1 = 7.195005 250.0
angle_range_xip_1_2 = 7.195005 250.0
angle_range_xip_1_3 = 5.715196 250.0
angle_range_xip_1_4 = 5.715196 250.0
angle_range_xip_2_1 = 7.195005 250.0
angle_range_xip_2_2 = 4.539741 250.0
angle_range_xip_2_3 = 4.539741 250.0
angle_range_xip_2_4 = 4.539741 250.0
angle_range_xip_3_1 = 5.715196 250.0
angle_range_xip_3_2 = 4.539741 250.0
angle_range_xip_3_3 = 3.606045 250.0
angle_range_xip_3_4 = 3.606045 250.0
angle_range_xip_4_1 = 5.715196 250.0
angle_range_xip_4_2 = 4.539741 250.0
angle_range_xip_4_3 = 3.606045 250.0
angle_range_xip_4_4 = 3.606045 250.0

angle_range_xim_1_1 = 90.579750 250.0
angle_range_xim_1_2 = 71.950053 250.0
angle_range_xim_1_3 = 71.950053 250.0
angle_range_xim_1_4 = 71.950053 250.0
angle_range_xim_2_1 = 71.950053 250.0
angle_range_xim_2_2 = 57.151958 250.0
angle_range_xim_2_3 = 57.151958 250.0
angle_range_xim_2_4 = 45.397414 250.0
angle_range_xim_3_1 = 71.950053 250.0
angle_range_xim_3_2 = 57.151958 250.0
angle_range_xim_3_3 = 45.397414 250.0
angle_range_xim_3_4 = 45.397414 250.0
angle_range_xim_4_1 = 71.950053 250.0
angle_range_xim_4_2 = 45.397414 250.0
angle_range_xim_4_3 = 45.397414 250.0
angle_range_xim_4_4 = 36.060448 250.0

angle_range_gammat_1_1 = 64.0 250.0
angle_range_gammat_1_2 = 64.0 250.0
angle_range_gammat_1_3 = 64.0 250.0
angle_range_gammat_1_4 = 64.0 250.0
angle_range_gammat_2_1 = 40.0 250.0
angle_range_gammat_2_2 = 40.0 250.0
angle_range_gammat_2_3 = 40.0 250.0
angle_range_gammat_2_4 = 40.0 250.0
angle_range_gammat_3_1 = 30.0 250.0
angle_range_gammat_3_2 = 30.0 250.0
angle_range_gammat_3_3 = 30.0 250.0
angle_range_gammat_3_4 = 30.0 250.0
angle_range_gammat_4_1 = 24.0 250.0
angle_range_gammat_4_2 = 24.0 250.0
angle_range_gammat_4_3 = 24.0 250.0
angle_range_gammat_4_4 = 24.0 250.0
angle_range_gammat_5_1 = 21.0 250.0
angle_range_gammat_5_2 = 21.0 250.0
angle_range_gammat_5_3 = 21.0 250.0
angle_range_gammat_5_4 = 21.0 250.0

angle_range_wtheta_1_1 = 43.0 250.0
angle_range_wtheta_2_2 = 27.0 250.0
angle_range_wtheta_3_3 = 20.0 250.0
angle_range_wtheta_4_4 = 16.0 250.0
angle_range_wtheta_5_5 = 14.0 250.0