[shear_calibration_parameters]
m1 = -0.1  0.0  0.1
m2 = -0.1  0.0  0.1 
m3 = -0.1  0.0  0.1
m4 = -0.1  0.0  0.1

[lens_photoz_errors]
bias_1 = 0.0  
bias_2 = 0.0  
bias_3 = 0.0  
bias_4 = 0.0
bias_5 = 0.0
width_1 = 1.0
width_2 = 1.0
width_3 = 1.0
width_4 = 1.0
width_5 = 1.0

[bias_lens]
b1 = 1.87724
b2 = 1.86519
b3 = 1.9439
b4 = 2.20702
b5 = 2.36252

[mag_alpha_lens]
alpha_1 =  1.31
alpha_2 = -0.52
alpha_3 =  0.34
alpha_4 =  2.25
alpha_5 =  1.97

[intrinsic_alignment_parameters]
z_piv   =  0.62
A1      = 0.0
A2      = 0.0
alpha1  = 0.0
alpha2  = 0.0
bias_ta = 0.0

[wl_photoz_errors]
bias_1 = -0.1   0.0   0.1
bias_2 = -0.1   0.0   0.1
bias_3 = -0.1   0.0   0.1
bias_4 = -0.1   0.0   0.1

